label x y z xscale yscale zscale xrot yrot zrot
car 4.99105242000884 0.6899239700552577 -27.340641527659603 1.5444689989089966 1.6262866258621216 3.961432695388794 -90 0 -28.871917640148435
car 5.685299895128844 0.7968601861518092 -8.342359122154416 1.5098272562026978 1.6175650358200073 3.569915771484375 -90 0 -68.495038193345
car -5.122135407357767 0.8361602496210541 -10.610491505582878 1.4921892881393433 1.6325478553771973 3.7892417907714844 -90 0 -60.81530774910428
car 2.9925566816884897 0.42420795890614293 -11.102983190226956 1.5246268510818481 1.6029175519943237 3.6706061363220215 -90 0 112.47438480274043
car -8.988188523488994 1.2368823030595397 -12.6760016275282 1.6174432039260864 1.685739278793335 3.8785388469696045 -90 0 -45.00754849737933
car -7.6246139534438875 0.47592374480041144 -60.58715158146264 1.5716828107833862 1.6187186241149902 3.551248550415039 -90 0 -60.18397621591012
car -7.815342054982277 0.7794287151193657 -24.502817204120497 1.5859779119491577 1.6508313417434692 4.012146472930908 -90 0 -175.40850548194032
car -3.871441223088967 0.32042625103303735 -18.491822965823765 1.5773893594741821 1.63645601272583 3.310784101486206 -90 0 -113.79151271201242
truck 0.640956118569077 -0.05578803989487113 -29.34645186501519 3.5686190128326416 2.77834415435791 10.719595909118652 -90 0 -81.92278213091433
