label x y z xscale yscale zscale xrot yrot zrot
car 15.350674912030613 2.6266029048884363 -22.480483149754875 2.863032102584839 3.173140287399292 7.110780715942383 -90 0 -194.85724429409582
car -0.5236931582001326 1.1628626107203814 -39.89643538649894 2.9667446613311768 3.3088889122009277 8.592011451721191 -90 0 189.5523807480076
car 11.316474738039947 1.291556008328012 -31.79708666479104 3.019557237625122 3.2451632022857666 7.2128214836120605 -90 0 -167.95857055520317
car -4.786151342830594 1.482454469623839 -24.180378238707366 2.977975368499756 3.2841362953186035 8.12723159790039 -90 0 187.08950421877977
car 30.34880609789071 -0.40280520009605425 -135.19887483677445 2.9804306030273438 3.231186866760254 7.888412952423096 -90 0 229.57949875448804
car 14.347620165655771 1.429663219793106 -46.92660910525767 3.0326459407806396 3.2153306007385254 6.989691734313965 -90 0 -170
car 8.675731543040945 0.26894739240094623 -82.59834718063895 2.974769353866577 3.2143962383270264 7.481405258178711 -90 0 195.1129061949165
car 18.688393298149933 0.5838077477634442 -68.59925859415321 3.017669916152954 3.2563962936401367 6.871028900146484 -90 0 -163.55006913633612
vegetation 7.99 0.93 -4.99 2 2 2 0 0 0
